=== 每个延迟下扫描实际临界步长; 并标出规则取值 ===
   延迟ms     D     step       NR    drive    t20  标记
    2.0    96   0.0005   110.31   0.0760   0.20  
    2.0    96   0.0010   110.31   0.0760   0.10  
    2.0    96   0.0015   110.30   0.0760   0.10  
    2.0    96   0.0020   110.30   0.0760   0.10    <== 规则
    2.0    96   0.0030   110.32   0.0760   0.10  
    2.0    96   0.0040   110.37   0.0760   0.10  
    2.0    96   0.0050   110.43   0.0760   0.10  
    2.0    96   0.0070   -24.35   0.7043  -1.00  发散
    2.0    96   0.0100   -25.74   0.8169  -1.00  发散
    2.0    96   0.0150   -26.75   0.8861  -1.00  发散
        最大安全扫描步长 = 0.005  规则=0.00200  裕度=2.50x

    3.0   144   0.0005   106.15   0.0760   0.20  
    3.0   144   0.0010   106.12   0.0760   0.10  
    3.0   144   0.0015   106.08   0.0760   0.10  
    3.0   144   0.0020   106.05   0.0760   0.10    <== 规则
    3.0   144   0.0030   105.96   0.0760   0.10  
    3.0   144   0.0040   105.87   0.0760   0.10  
    3.0   144   0.0050   105.79   0.0760   0.10  
    3.0   144   0.0070   -24.88   0.7937  -1.00  发散
    3.0   144   0.0100   -25.76   0.8477  -1.00  发散
    3.0   144   0.0150   -26.35   0.8798  -1.00  发散
        最大安全扫描步长 = 0.005  规则=0.00200  裕度=2.50x

    6.0   288   0.0005    93.67   0.0760   0.20  
    6.0   288   0.0010    93.67   0.0760   0.10  
    6.0   288   0.0015    93.66   0.0760   0.10  
    6.0   288   0.0020    93.66   0.0760   0.10    <== 规则
    6.0   288   0.0030    93.64   0.0760   0.10  
    6.0   288   0.0040    93.62   0.0760   0.10  
    6.0   288   0.0050    93.58   0.0760   0.10  
    6.0   288   0.0070    93.54   0.0760   0.30  
    6.0   288   0.0100   -27.72   0.7864  -1.00  发散
    6.0   288   0.0150   -28.46   0.8476  -1.00  发散
        最大安全扫描步长 = 0.007  规则=0.00200  裕度=3.50x

   10.0   480   0.0005    74.67   0.0760   0.20  
   10.0   480   0.0010    74.65   0.0760   0.10  
   10.0   480   0.0015    74.63   0.0760   0.10  
   10.0   480   0.0020    74.59   0.0760   0.10    <== 规则
   10.0   480   0.0030    74.47   0.0760   0.10  
   10.0   480   0.0040    49.87   0.0760   1.00  
   10.0   480   0.0050   -21.51   0.7477  -1.00  发散
   10.0   480   0.0070   -22.65   0.8136  -1.00  发散
   10.0   480   0.0100   -23.58   0.8585  -1.00  发散
   10.0   480   0.0150   -25.12   0.9030  -1.00  发散
        最大安全扫描步长 = 0.004  规则=0.00200  裕度=2.00x

   15.0   720   0.0005    48.38   0.0755   0.20  
   15.0   720   0.0010    48.24   0.0755   0.10  
   15.0   720   0.0015    48.04   0.0755   0.10  
   15.0   720   0.0020    47.80   0.0755   0.10  
   15.0   720   0.0030    47.47   0.0755   0.20  
   15.0   720   0.0040   -20.97   0.7493  -1.00  发散
   15.0   720   0.0050   -21.85   0.8021  -1.00  发散
   15.0   720   0.0070   -22.85   0.8515  -1.00  发散
   15.0   720   0.0100   -23.63   0.8852  -1.00  发散
   15.0   720   0.0150   -24.40   0.9082  -1.00  发散
   15.0   720   0.0014    48.09   0.0755   0.10    <== 规则
        最大安全扫描步长 = 0.003  规则=0.00139  裕度=2.16x

